D_3
6
3
1
D_4
8
4
4
4
2
1
D_5
10
5
1
D_6
12
6
6
6
2
3
1
D_7
14
7
1
D_8
16
8
8
8
4
2
1
D_9
18
9
3
1
D_10
20
10
10
10
2
5
1
D_11
22
11
1
D_12
24
12
12
12
6
4
2
3
1
D_13
26
13
1
D_14
28
14
14
14
2
7
1
D_15
30
15
3
5
1
D_16
32
16
16
16
8
4
2
1
D_17
34
17
1
D_18
36
18
18
18
6
9
2
3
1
D_19
38
19
1
D_20
40
20
20
20
10
4
2
5
1
D_21
42
21
3
7
1
D_22
44
22
22
22
2
11
1
D_23
46
23
1
D_24
48
24
24
24
12
6
8
4
2
3
1
D_25
50
25
5
1
D_26
52
26
26
26
2
13
1
D_27
54
27
9
3
1
D_28
56
28
28
28
14
4
2
7
1
D_29
58
29
1
D_30
60
30
30
30
10
15
6
2
3
5
1
D_31
62
31
1
D_32
64
32
32
32
16
8
4
2
1
D_33
66
33
3
11
1
D_34
68
34
34
34
2
17
1
D_35
70
35
5
7
1
D_36
72
36
36
36
18
12
6
9
4
2
3
1
D_37
74
37
1
D_38
76
38
38
38
2
19
1
D_39
78
39
3
13
1
D_40
80
40
40
40
20
10
8
4
2
5
1
D_41
82
41
1
D_42
84
42
42
42
14
21
6
2
3
7
1
D_43
86
43
1
D_44
88
44
44
44
22
4
2
11
1
D_45
90
45
15
9
3
5
1
D_46
92
46
46
46
2
23
1
D_47
94
47
1
D_48
96
48
48
48
24
12
6
16
8
4
2
3
1
D_49
98
49
7
1
D_50
100
50
50
50
10
25
2
5
1
D_51
102
51
3
17
1
D_52
104
52
52
52
26
4
2
13
1
D_53
106
53
1
D_54
108
54
54
54
18
27
6
9
2
3
1
D_55
110
55
5
11
1
D_56
112
56
56
56
28
14
8
4
2
7
1
D_57
114
57
3
19
1
D_58
116
58
58
58
2
29
1
D_59
118
59
1
D_60
120
60
60
60
30
20
10
15
12
6
4
2
3
5
1
D_61
122
61
1
D_62
124
62
62
62
2
31
1
D_63
126
63
21
9
3
7
1
D_64
128
64
64
64
32
16
8
4
2
1
D_65
130
65
5
13
1
D_66
132
66
66
66
22
33
6
2
3
11
1
D_67
134
67
1
D_68
136
68
68
68
34
4
2
17
1
D_69
138
69
3
23
1
D_70
140
70
70
70
14
35
10
2
5
7
1
D_71
142
71
1
D_72
144
72
72
72
36
18
24
12
6
9
8
4
2
3
1
D_73
146
73
1
D_74
148
74
74
74
2
37
1
D_75
150
75
15
25
3
5
1
D_76
152
76
76
76
38
4
2
19
1
D_77
154
77
7
11
1
D_78
156
78
78
78
26
39
6
2
3
13
1
D_79
158
79
1
D_80
160
80
80
80
40
20
10
16
8
4
2
5
1
D_81
162
81
27
9
3
1
D_82
164
82
82
82
2
41
1
D_83
166
83
1
D_84
168
84
84
84
42
28
14
21
12
6
4
2
3
7
1
D_85
170
85
5
17
1
D_86
172
86
86
86
2
43
1
D_87
174
87
3
29
1
D_88
176
88
88
88
44
22
8
4
2
11
1
D_89
178
89
1
D_90
180
90
90
90
30
45
10
15
18
6
9
2
3
5
1
D_91
182
91
7
13
1
D_92
184
92
92
92
46
4
2
23
1
D_93
186
93
3
31
1
D_94
188
94
94
94
2
47
1
D_95
190
95
5
19
1
D_96
192
96
96
96
48
24
12
6
32
16
8
4
2
3
1
D_97
194
97
1
D_98
196
98
98
98
14
49
2
7
1
D_99
198
99
33
9
3
11
1
